# Image:
#   File:          car.ppm
#   Size:          128x128
#   Format:        'RGB' 
# Parameters:
#   Coordinates:   (63, 63)
#   ROI extent:    63
#   ROI size:      127
# Heuristic:
#   Name:          examples/identity
#   Dimension:     16129

24 24 24 24 24 24 24 24 24 24 24 24 24 24 24 24 24 24 24 24 24 24 24 24 24 24 24 24 24 24 24 24 24 24 24 24 24 24 24 24 24 24 24 24 24 24 24 24 24 24 24 24 24 24 24 24 24 24 24 24 24 24 24 24 24 24 24 24 24 24 24 24 24 24 24 24 24 24 24 24 24 24 24 24 24 24 24 24 24 24 24 24 24 24 24 24 24 24 24 24 24 24 24 24 24 24 24 24 24 24 24 24 24 24 24 24 24 24 24 24 24 24 24 24 24 24 24 24 24 24 24 24 24 24 24 24 24 24 24 24 24 24 24 24 24 24 24 24 24 24 24 24 24 24 24 24 24 24 24 24 24 24 24 24 24 24 24 24 24 24 24 24 24 24 24 24 24 24 24 24 24 24 24 24 24 24 24 24 24 24 24 24 24 24 24 24 24 24 24 24 24 24 24 24 24 24 24 24 24 24 24 24 24 24 24 24 24 24 24 24 24 24 24 24 24 24 24 24 24 24 24 24 24 24 24 24 24 24 24 24 24 24 24 24 24 24 24 24 24 24 24 24 24 24 24 24 24 24 24 24 24 24 24 24 24 24 24 24 24 24 24 24 24 24 24 24 24 24 24 24 24 24 24 24 24 24 24 24 24 24 24 24 24 24 24 24 24 24 24 24 24 24 24 24 24 24 24 24 24 24 24 24 24 24 24 24 24 24 24 24 24 24 24 24 24 24 24 24 24 24 24 24 24 24 24 24 24 24 24 24 24 24 24 24 24 24 24 24 24 24 24 24 24 24 24 24 24 24 24 24 24 24 24 24 24 24 24 24 24 24 24 24 24 24 24 24 24 24 24 24 24 24 24 24 24 24 24 24 24 24 24 24 24 24 24 24 24 24 24 24 24 24 24 24 24 24 24 24 24 24 24 24 24 24 24 24 24 24 24 24 24 24 24 24 24 24 24 24 24 24 24 24 24 24 24 24 24 24 24 24 24 24 24 24 24 24 24 24 24 24 24 24 24 24 24 24 24 24 24 24 24 24 24 24 24 24 24 24 24 24 24 24 24 24 24 24 24 24 24 24 24 24 24 24 24 24 24 24 24 24 24 24 24 24 24 24 24 24 24 24 24 24 24 24 24 24 24 24 24 24 24 24 24 24 24 24 24 24 24 24 24 24 24 24 24 24 24 24 24 24 24 24 24 24 24 24 24 24 24 24 24 24 24 24 24 24 24 24 24 24 24 24 24 24 24 24 24 24 24 24 24 24 24 24 24 24 24 24 24 24 24 24 24 24 24 24 24 24 24 24 24 24 24 24 24 24 24 24 24 24 24 24 24 24 24 24 24 24 24 24 24 24 24 24 24 24 24 24 24 24 24 24 24 24 24 24 24 24 24 24 24 24 24 24 24 24 24 24 24 24 24 24 24 24 24 24 24 24 24 24 24 24 24 24 24 24 24 24 24 24 24 24 24 24 24 24 24 24 24 24 24 24 24 24 24 24 24 24 24 24 24 24 24 24 24 24 24 24 24 24 24 24 24 24 24 24 24 24 24 24 24 24 24 24 24 24 24 24 24 24 24 24 24 24 24 24 24 24 24 24 24 24 24 24 24 24 24 24 24 24 24 24 24 24 24 24 24 24 24 24 24 24 24 24 24 24 24 24 24 24 24 24 24 24 24 24 24 24 24 24 24 24 24 24 24 24 24 24 24 24 24 24 24 24 24 24 24 24 24 24 24 24 24 24 24 24 24 24 24 24 24 24 24 24 24 24 24 24 24 24 24 24 24 24 24 24 24 24 24 24 24 24 24 24 24 24 24 24 24 24 24 24 24 24 24 24 24 24 24 24 24 24 24 24 24 24 24 24 24 24 24 24 24 24 24 24 24 24 24 24 24 24 24 24 24 24 24 24 24 24 24 24 24 24 24 24 24 24 24 24 24 24 24 24 24 24 24 24 24 24 24 24 24 24 24 24 24 24 24 24 24 24 24 24 24 24 24 24 24 24 24 24 24 24 24 24 24 24 24 24 24 24 24 24 24 24 24 24 24 24 24 24 24 24 24 24 24 24 24 24 24 24 24 24 24 24 24 24 24 24 24 24 24 24 24 24 24 24 24 24 24 24 24 24 24 24 24 24 24 24 24 24 24 24 24 24 24 24 24 24 24 24 24 24 24 24 24 24 24 24 24 24 24 24 24 24 24 24 24 24 24 24 24 24 24 24 24 24 24 24 24 24 24 24 24 24 24 24 24 24 24 24 24 24 24 24 24 24 24 24 24 24 24 24 24 24 24 24 24 24 24 24 24 24 24 24 24 24 24 24 24 24 24 24 24 24 24 24 24 24 24 24 24 24 24 24 24 24 24 24 24 24 24 24 24 24 24 24 24 24 24 24 24 24 24 24 24 24 24 24 24 24 24 24 24 24 24 24 24 24 24 24 24 24 24 24 24 24 24 24 24 24 24 24 24 24 24 24 24 24 24 24 24 24 24 24 24 24 24 24 24 24 24 24 24 24 24 24 24 24 24 24 24 24 24 24 24 24 24 24 24 24 24 24 24 24 24 24 24 24 24 24 24 24 24 24 24 24 24 24 24 24 24 24 24 24 24 24 24 24 24 24 24 24 24 24 24 24 24 24 24 24 24 24 24 24 24 24 24 24 24 24 24 24 24 24 24 24 24 24 24 24 24 24 24 24 24 24 24 24 24 24 24 24 24 24 24 24 24 24 24 24 24 24 24 24 24 24 24 24 24 24 24 24 24 24 24 24 24 24 24 24 24 24 24 24 24 24 24 24 24 24 24 24 24 24 24 24 24 24 24 24 24 24 24 24 24 24 24 24 24 24 24 24 24 24 24 24 24 24 24 24 24 24 24 24 24 24 24 24 24 24 24 24 24 24 24 24 24 24 24 24 24 24 24 24 24 24 24 24 24 24 24 24 24 24 24 24 24 24 24 24 24 24 24 24 24 24 24 24 24 24 24 24 24 24 24 24 24 24 24 24 24 24 24 24 24 24 24 24 24 24 24 24 24 24 24 24 24 24 24 24 24 24 24 24 24 24 24 24 24 24 24 24 24 24 24 24 24 24 24 24 24 24 24 24 24 24 24 24 24 24 24 24 24 24 24 24 24 24 24 24 24 24 24 24 24 24 24 24 24 24 24 24 24 24 24 24 24 24 24 24 24 24 24 24 24 24 24 24 24 24 24 24 24 24 24 24 24 24 24 24 24 24 24 24 24 24 24 24 24 24 24 24 24 24 24 24 24 24 24 24 24 24 24 24 24 24 24 24 24 24 24 24 24 24 24 24 24 24 24 24 24 24 24 24 24 24 24 24 24 24 24 24 24 24 24 24 24 24 24 24 24 24 24 24 24 24 24 24 24 24 24 24 24 24 24 24 24 24 24 24 24 24 24 24 24 24 24 24 24 24 24 24 24 24 24 24 24 24 24 24 24 24 24 24 24 24 24 24 24 24 24 24 24 24 24 24 24 24 24 24 24 24 24 24 24 24 24 24 24 24 24 24 24 24 24 24 24 24 24 24 24 24 24 24 24 24 24 24 24 24 24 24 24 24 24 24 24 24 24 24 24 24 24 24 24 24 24 24 24 24 24 24 24 24 24 24 24 24 24 24 24 24 24 24 24 24 24 24 24 24 24 24 24 24 24 24 24 24 24 24 24 24 24 24 24 24 24 24 24 24 24 24 24 24 24 24 24 24 24 24 24 24 24 24 24 24 24 24 24 24 24 24 24 24 24 24 24 24 24 24 24 24 24 24 24 24 24 24 24 24 24 24 24 24 24 24 24 24 24 24 24 24 24 24 24 24 24 24 24 24 24 24 24 24 24 24 24 24 24 24 24 24 24 24 24 24 24 24 24 24 24 24 24 24 24 24 24 24 24 24 24 24 24 24 24 24 24 24 24 24 24 24 24 24 24 24 24 24 24 24 24 24 24 24 24 24 24 24 24 24 24 24 24 24 24 24 24 24 24 24 24 24 24 24 24 24 24 24 24 24 24 24 24 24 24 24 24 24 24 24 24 24 24 24 24 24 24 24 24 24 24 24 24 24 24 24 24 24 24 24 24 24 24 24 24 24 24 24 24 24 24 24 24 24 24 24 24 24 24 24 24 24 24 24 24 24 24 24 24 24 24 24 24 24 24 24 24 24 24 24 24 24 24 24 24 24 24 24 24 24 24 24 24 24 24 24 24 24 24 24 24 24 24 24 24 24 24 24 24 24 24 24 24 24 24 24 24 24 24 24 24 24 24 24 24 24 24 24 24 24 24 24 24 24 24 24 24 24 24 24 24 24 24 24 24 24 24 24 24 24 24 24 24 24 24 24 24 24 24 24 24 24 24 24 24 24 24 24 24 24 24 24 24 24 24 24 24 24 24 24 24 24 24 24 24 24 24 24 24 24 24 24 24 24 24 24 24 24 24 24 24 24 24 24 24 24 24 24 24 24 24 24 24 24 24 24 24 24 24 24 24 24 24 24 24 24 24 24 24 24 24 24 24 24 24 24 24 24 24 24 24 24 24 24 24 24 24 24 24 24 24 24 24 24 24 24 24 24 24 24 24 24 24 24 24 24 24 24 24 24 24 24 24 24 24 24 24 24 24 24 24 24 24 24 24 24 24 24 24 24 24 24 24 24 24 24 24 24 24 24 24 24 24 24 24 24 24 24 24 24 24 24 24 24 24 24 24 24 24 24 24 24 24 24 24 24 24 24 24 24 24 24 24 24 24 24 24 24 24 24 24 24 24 24 24 24 24 24 24 24 24 24 24 24 24 24 24 24 24 24 24 24 24 24 24 24 24 24 24 24 24 24 24 24 24 24 24 24 24 24 24 24 24 24 24 24 24 24 24 24 24 24 24 24 24 24 24 24 24 24 24 24 24 24 24 24 24 24 24 24 24 24 24 24 24 24 24 24 24 24 24 24 24 24 24 24 24 24 24 24 24 24 24 24 24 24 24 24 24 24 24 24 24 24 24 24 24 24 24 24 24 24 24 24 24 24 24 24 24 24 24 24 24 24 24 24 24 24 24 24 24 24 24 24 24 24 24 24 24 24 24 24 24 24 24 24 24 24 24 24 24 24 24 24 24 24 24 24 24 24 24 24 24 24 24 24 24 24 24 24 24 24 24 24 24 24 24 24 24 24 24 24 24 24 24 24 24 24 24 24 24 24 24 24 24 24 24 24 24 24 24 24 24 24 24 24 24 24 24 24 24 24 24 24 24 24 24 24 24 24 24 24 24 24 24 24 24 24 24 24 24 24 24 24 24 24 24 24 24 24 24 24 24 24 24 24 24 24 24 24 24 24 24 24 24 24 24 24 24 24 24 24 24 24 24 24 24 24 24 24 24 24 24 24 24 24 24 24 24 24 24 24 24 24 24 24 24 24 24 24 24 24 24 24 24 24 24 24 24 24 24 24 24 24 24 24 24 24 24 24 24 24 24 24 24 24 24 24 24 24 24 24 24 24 24 24 24 24 24 24 24 24 24 24 24 24 24 24 24 24 24 24 24 24 24 24 24 24 24 24 24 24 24 24 24 24 24 24 24 24 24 24 24 24 24 24 24 24 24 24 24 24 24 24 24 24 24 24 24 24 24 24 24 24 24 24 24 24 24 24 24 24 24 24 24 24 24 24 24 24 24 24 24 24 24 24 24 24 24 24 24 24 24 24 24 24 24 24 24 24 24 24 24 24 24 24 24 24 24 24 24 24 24 24 24 24 24 24 24 24 24 24 24 24 24 24 24 24 24 24 24 24 24 24 24 24 24 24 24 24 24 24 24 24 24 24 24 24 24 24 24 24 24 24 24 24 24 24 24 24 24 24 24 24 24 24 24 24 24 24 24 24 24 24 24 24 24 24 24 24 24 24 24 24 24 24 24 24 24 24 24 24 24 24 24 24 24 24 24 24 24 24 24 24 24 24 24 24 24 24 24 24 24 24 24 24 24 24 24 24 24 24 24 24 24 24 24 24 24 24 24 24 24 24 24 24 24 24 24 24 24 24 24 24 24 24 24 24 24 24 24 24 24 24 24 24 24 24 24 24 24 24 24 24 24 24 24 24 24 24 24 24 24 24 24 24 24 24 24 24 24 24 24 24 24 24 24 24 24 24 24 24 24 24 24 24 24 24 24 24 24 24 24 24 24 24 24 24 24 24 24 24 24 24 24 24 24 24 24 24 24 24 24 24 24 24 24 24 24 24 24 24 24 24 24 24 24 24 24 24 24 24 24 24 24 24 24 24 24 24 24 24 24 24 24 24 24 24 24 24 24 24 24 24 24 24 24 24 24 24 24 24 24 24 24 24 24 24 24 24 24 24 24 24 24 24 24 24 24 24 24 24 24 24 24 24 24 24 24 24 24 24 24 24 24 24 24 24 24 24 24 24 24 24 24 24 24 24 24 24 24 24 24 24 24 24 24 24 24 24 24 24 24 24 24 24 24 24 24 24 24 24 24 24 24 24 24 24 24 24 24 24 24 24 24 24 24 24 24 24 24 24 24 24 24 24 24 24 24 24 24 24 24 24 24 24 24 24 24 24 24 24 24 24 24 24 24 24 24 24 24 24 24 24 24 24 24 24 24 24 24 24 24 24 24 24 24 24 24 24 24 24 24 24 24 24 24 24 24 24 24 24 24 24 24 24 24 24 24 24 24 24 24 24 24 24 24 24 24 24 24 24 24 24 24 24 24 24 24 24 24 24 24 24 24 24 24 24 24 24 24 24 24 24 24 24 24 24 24 24 24 24 24 24 24 24 24 24 24 24 24 24 24 24 24 24 24 24 24 24 24 24 24 24 24 24 24 24 24 24 24 24 24 24 24 24 24 24 24 24 24 24 24 24 24 24 24 24 24 24 24 24 24 24 24 24 24 24 24 24 24 24 24 24 24 24 24 24 24 24 24 24 24 24 24 24 24 24 24 24 24 24 24 24 24 24 24 24 24 24 24 24 24 24 24 24 24 24 24 24 24 24 24 24 24 24 24 24 24 24 24 24 24 24 24 24 24 24 24 24 24 24 24 24 24 24 24 24 24 24 24 24 24 24 24 24 24 24 24 24 24 24 24 24 24 24 24 24 24 24 24 24 24 24 24 24 24 24 24 24 24 24 24 24 24 24 24 24 24 24 24 24 24 24 24 24 24 24 24 24 24 24 24 24 24 24 24 24 24 24 24 24 24 24 24 24 24 24 24 24 24 24 24 24 24 24 24 24 24 24 24 24 24 24 24 24 24 24 24 24 24 24 24 24 24 24 24 24 24 24 24 24 24 24 24 24 24 24 24 24 24 24 24 24 24 24 24 24 24 24 24 24 24 24 24 24 24 24 24 24 24 24 24 24 24 24 24 24 24 24 24 24 24 24 24 24 24 24 24 24 24 24 24 24 24 24 24 24 24 24 24 24 24 24 24 24 24 24 24 24 24 24 24 24 24 24 24 24 24 24 24 24 24 24 24 24 24 24 24 24 24 24 24 24 24 24 24 24 24 24 24 24 24 24 24 24 24 24 24 24 24 24 24 24 24 24 24 24 24 24 24 24 24 24 24 24 24 24 24 24 24 24 24 24 24 24 24 24 24 24 24 24 24 24 24 24 24 24 24 24 24 24 24 24 24 24 24 24 24 24 24 24 24 24 24 24 24 24 24 24 24 24 24 24 24 24 24 24 24 24 24 24 24 24 24 24 24 24 24 24 24 24 24 24 24 24 24 26 25 25 26 26 25 24 24 24 25 25 24 26 25 25 25 26 27 26 25 25 25 25 25 24 25 24 22 23 25 26 26 26 25 26 26 29 28 29 30 30 34 35 42 51 56 60 59 58 55 49 44 37 36 34 31 28 28 27 26 26 25 25 25 25 25 25 24 22 23 22 24 25 27 26 24 25 25 27 27 25 25 25 26 25 24 25 25 25 25 25 25 25 24 24 25 25 25 25 25 25 25 25 26 25 24 23 24 25 25 25 25 25 25 24 25 25 25 24 22 23 22 24 24 23 22 23 25 25 26 25 25 24 25 26 27 26 25 24 25 24 24 25 24 24 25 26 25 24 24 25 25 25 25 25 25 25 27 30 32 34 39 43 48 52 65 70 73 88 96 104 113 111 107 115 118 122 124 126 123 111 104 85 66 62 44 37 33 28 28 27 26 24 24 25 26 25 24 22 22 22 24 24 24 24 24 25 25 25 26 26 26 25 25 25 24 22 23 23 23 23 22 23 25 26 26 25 26 27 25 25 25 25 26 25 25 25 25 23 23 25 24 24 26 26 27 27 27 25 24 23 23 24 25 24 24 24 24 23 22 24 25 25 25 25 25 25 24 25 25 25 25 27 27 25 24 23 25 26 27 28 27 35 38 45 59 68 73 97 106 118 132 132 121 118 117 121 124 125 119 105 98 92 91 90 100 107 115 131 137 141 133 121 101 68 61 41 25 33 28 24 26 25 25 25 25 26 26 25 25 23 24 24 25 26 25 26 26 25 24 24 24 23 24 26 26 27 26 25 25 25 24 25 25 25 25 24 25 24 24 25 25 25 25 24 24 25 25 25 25 25 25 25 25 24 23 24 23 23 24 25 22 22 23 24 25 24 25 24 24 24 24 25 24 24 24 24 24 25 25 26 26 26 25 26 35 41 54 68 81 91 109 122 120 112 105 94 104 115 122 109 87 76 82 90 95 103 121 126 111 102 98 97 106 119 129 139 151 154 162 167 163 157 125 81 41 31 36 27 27 29 25 23 23 24 24 25 25 24 25 25 25 24 25 25 24 23 23 23 25 25 25 24 25 24 24 25 25 25 25 25 26 26 26 26 25 24 24 24 24 24 23 23 23 25 25 25 26 24 25 25 24 24 23 24 22 23 24 24 24 24 24 25 25 25 24 24 24 26 26 26 26 25 26 28 27 30 31 27 48 61 76 95 97 102 113 119 121 127 132 108 93 78 64 79 86 90 95 88 80 80 89 99 95 119 136 134 159 158 147 157 165 168 174 181 182 182 183 191 193 199 198 142 72 31 14 35 30 21 26 25 25 26 26 27 26 25 25 25 26 24 25 24 24 24 24 25 25 26 26 24 24 24 26 27 25 25 27 25 24 24 25 25 25 25 25 24 23 23 23 23 26 26 27 25 24 24 24 23 23 24 25 24 24 24 24 24 24 23 24 25 24 24 26 27 26 27 28 28 31 34 33 48 58 65 75 74 68 78 83 85 89 80 75 82 79 74 78 72 76 87 92 98 97 102 94 85 100 113 123 162 169 168 183 180 179 181 185 192 193 189 173 146 122 103 80 66 86 132 180 167 113 66 33 22 36 26 27 29 27 26 25 24 24 25 25 25 26 25 25 26 24 23 23 23 24 25 27 27 26 25 24 23 23 24 25 25 25 25 24 25 25 26 25 24 23 23 23 26 25 27 26 24 22 24 25 25 23 24 26 26 26 24 23 23 23 23 22 25 25 26 25 27 34 41 50 71 89 89 87 74 52 62 73 69 82 83 84 86 85 89 96 106 110 106 99 89 80 88 104 108 128 137 146 168 174 173 184 189 189 196 198 196 185 169 146 107 88 71 56 50 51 54 52 58 70 107 172 194 150 81 41 37 26 30 33 26 24 26 26 26 27 25 25 23 25 24 24 24 24 24 25 25 25 24 23 24 25 27 26 25 25 25 24 24 25 25 25 24 24 24 24 24 24 26 24 24 24 24 24 26 25 24 24 24 25 24 24 24 24 24 24 24 26 23 26 28 28 42 65 78 100 121 118 108 109 94 68 83 78 77 86 80 86 100 103 108 101 100 107 110 129 123 116 133 125 140 169 166 170 184 184 193 193 187 181 169 181 168 126 100 80 70 65 51 42 46 43 39 39 39 40 30 70 126 182 204 179 124 63 41 37 25 31 30 24 25 24 25 25 25 26 25 25 24 23 24 26 26 26 25 25 26 26 26 26 25 25 24 24 24 24 25 24 24 25 24 25 26 25 25 24 24 24 24 25 25 25 25 25 25 26 27 26 25 25 23 22 25 25 24 28 41 56 77 93 104 114 120 127 131 123 115 107 101 98 100 103 97 107 110 111 114 114 126 124 136 143 149 156 162 169 172 175 187 194 197 194 182 158 140 123 114 109 105 98 86 70 54 48 42 39 37 34 32 31 32 32 35 28 39 74 133 176 191 181 147 89 44 23 27 32 27 25 25 25 24 24 24 24 24 24 26 25 25 26 25 23 24 26 25 23 24 24 25 25 25 24 24 24 24 24 25 24 24 26 24 24 24 24 23 24 25 24 24 23 24 24 25 25 25 24 25 24 21 26 23 26 61 97 108 127 126 118 114 107 110 119 125 127 134 135 131 145 149 137 145 137 123 123 137 162 159 171 180 175 184 189 195 193 173 158 133 118 117 114 106 103 88 77 73 61 49 43 35 33 37 33 33 32 33 33 33 34 33 35 34 27 40 85 130 191 206 185 141 100 62 32 30 34 26 26 29 26 25 26 26 24 23 25 25 26 24 25 25 24 24 23 24 24 25 25 25 25 24 25 25 25 24 23 24 25 24 25 26 24 23 23 24 24 25 25 25 24 24 23 23 25 25 24 22 24 25 35 80 99 126 144 141 143 137 127 112 103 104 107 109 115 120 128 134 150 161 166 168 167 171 174 176 181 186 196 189 177 157 121 104 100 100 104 112 100 85 70 51 43 42 31 28 29 26 30 32 34 31 31 34 35 35 32 28 27 28 27 34 19 31 91 144 177 184 182 169 108 58 22 20 38 25 25 26 25 27 26 26 27 25 24 25 25 25 26 25 25 25 25 25 23 25 25 25 23 22 25 24 25 25 25 25 25 25 26 26 25 26 27 27 27 25 26 25 25 27 25 25 26 26 17 22 36 67 110 116 132 144 142 146 148 149 141 122 108 99 99 105 108 117 121 134 141 150 162 167 168 164 165 162 141 123 98 86 87 91 98 100 87 70 57 39 37 34 28 27 29 24 23 24 25 28 30 31 30 27 27 25 25 25 25 23 24 26 35 23 26 56 93 145 181 188 184 157 127 69 37 33 25 26 27 25 26 26 26 26 26 26 26 25 26 25 26 24 24 24 24 24 24 24 24 24 25 26 26 27 26 25 25 25 25 25 24 25 25 26 26 26 25 25 25 24 24 22 24 24 23 24 15 48 87 109 133 145 140 148 150 152 153 155 148 130 116 103 99 101 107 112 114 123 136 160 177 165 136 96 85 83 71 67 64 52 50 48 42 41 35 29 26 26 25 26 24 23 24 22 22 26 32 33 30 27 24 23 21 21 22 22 21 22 23 24 28 31 18 43 101 146 187 181 174 159 117 68 22 26 39 23 27 28 26 28 27 25 25 26 26 25 25 26 27 26 25 24 25 25 26 26 25 25 25 24 24 25 25 25 25 25 25 25 26 26 25 25 26 26 26 25 24 24 25 24 24 25 21 29 58 91 120 131 143 147 150 154 156 158 159 159 154 135 115 105 103 106 105 110 116 133 169 189 150 88 60 63 58 49 44 43 39 36 36 37 35 33 31 27 26 27 27 26 25 22 20 22 26 32 35 32 26 24 24 22 22 23 22 21 22 24 25 27 31 19 17 53 106 158 180 174 143 95 60 39 33 34 27 25 26 26 26 26 26 26 25 24 23 23 25 25 25 25 25 24 24 25 26 25 24 25 25 25 24 24 24 24 24 25 26 25 24 25 25 25 26 24 24 24 26 24 24 24 24 21 41 60 79 117 119 137 153 152 155 155 157 160 162 162 150 141 130 111 105 106 109 111 126 164 194 145 63 37 45 39 42 39 36 38 36 35 35 35 36 34 30 28 26 23 23 21 21 20 23 26 31 35 34 28 25 23 23 23 24 24 23 22 21 23 27 29 31 26 35 60 84 101 97 75 55 45 43 35 30 29 25 24 27 25 25 25 24 25 26 25 23 24 24 25 27 26 25 25 25 25 24 26 26 26 25 24 24 23 25 24 24 25 25 24 24 26 27 26 24 23 22 24 23 23 25 25 31 34 66 82 95 115 132 139 155 156 156 161 162 164 163 166 160 142 128 111 105 108 108 125 171 187 125 60 23 41 42 28 33 37 38 38 34 31 30 34 36 35 31 27 25 25 22 20 19 18 23 29 35 32 28 24 23 23 22 24 27 29 27 25 24 27 31 32 36 40 42 48 52 57 61 57 46 35 35 34 30 28 27 25 26 27 26 26 25 26 24 24 26 26 24 24 25 24 24 25 25 25 25 25 25 25 24 24 24 25 23 22 21 23 24 25 24 26 26 27 24 23 23 23 24 25 27 32 37 60 75 86 103 116 123 142 149 155 160 157 160 163 168 172 165 155 131 112 107 106 121 165 186 136 72 30 38 41 28 31 32 32 30 28 26 27 29 33 36 34 30 27 25 22 20 20 20 22 26 30 31 30 28 29 29 27 27 28 29 29 31 33 37 41 43 47 49 52 62 69 77 84 79 63 42 37 36 35 36 32 28 28 27 25 25 25 25 25 25 26 25 25 24 24 26 26 27 27 26 26 27 26 25 24 24 25 25 24 24 25 25 24 23 25 24 25 24 25 25 26 26 25 25 25 25 47 57 63 86 84 98 117 122 137 145 146 151 156 158 164 169 172 167 155 134 112 105 117 152 191 156 80 48 37 27 32 30 25 30 28 27 27 27 27 29 31 34 33 28 24 22 19 19 19 20 24 26 28 26 27 27 29 33 36 38 41 41 42 44 45 50 53 53 51 50 49 53 60 59 60 62 57 46 37 39 45 49 47 38 31 28 25 26 27 25 25 24 24 24 24 25 25 25 26 26 26 25 26 24 25 25 25 24 25 24 24 24 25 24 24 25 25 26 27 26 24 25 25 24 25 26 29 38 54 64 74 78 91 99 111 122 129 138 143 152 159 163 168 173 178 174 156 133 115 114 145 178 158 111 62 42 33 31 30 27 27 26 26 27 27 26 26 27 32 31 27 25 24 21 19 19 20 24 25 27 29 31 33 35 38 40 44 46 49 47 44 42 42 44 46 47 46 45 43 44 44 46 48 50 46 40 35 42 76 103 83 45 27 32 28 24 25 25 25 26 26 26 27 26 26 25 25 25 26 26 24 26 26 25 24 25 24 24 25 26 25 25 24 24 24 23 24 24 24 23 25 25 25 30 32 55 67 65 73 83 83 99 105 111 126 131 142 154 158 166 172 170 165 158 153 134 123 140 159 161 147 83 49 37 29 32 32 29 29 28 27 25 24 24 24 27 31 27 25 24 23 21 22 23 27 31 35 37 38 38 39 40 40 40 38 40 39 39 40 42 42 43 45 46 45 42 42 44 43 38 37 34 33 31 31 71 121 126 103 68 48 27 26 33 23 25 27 26 26 27 26 25 24 24 24 23 23 23 25 26 26 24 26 25 25 25 25 25 25 24 25 25 26 26 26 25 24 24 25 25 26 44 56 60 71 69 71 79 83 91 103 109 119 130 137 153 158 156 155 159 168 171 163 150 142 151 162 156 110 54 19 35 33 25 30 28 28 30 31 29 24 24 27 27 26 26 26 26 26 28 30 34 37 37 37 37 37 37 37 37 37 35 35 35 36 38 39 41 42 44 45 45 44 42 42 42 41 41 39 38 26 35 54 82 130 152 137 101 65 51 32 34 35 28 28 27 25 25 23 24 24 24 24 24 26 26 27 27 26 25 25 25 25 25 23 23 24 25 25 25 25 23 23 25 25 25 24 30 51 60 61 69 63 59 62 64 75 89 95 104 117 123 135 135 137 154 168 172 174 175 171 157 153 169 175 135 70 25 39 38 31 39 38 36 34 34 32 32 30 28 28 27 27 27 27 29 31 30 30 32 32 32 34 34 34 34 32 34 34 33 33 34 36 41 43 43 43 43 43 41 40 41 42 42 40 39 38 25 32 45 67 121 152 168 169 149 109 61 51 46 30 36 33 28 26 27 27 27 25 25 26 27 26 26 25 26 27 26 26 26 26 25 24 24 24 24 25 26 26 25 24 24 24 25 42 52 67 71 62 52 43 33 35 41 56 80 91 102 115 114 116 133 143 159 170 171 175 173 173 168 178 200 151 97 59 37 40 42 34 36 37 35 35 34 31 30 30 32 32 32 29 27 27 28 28 29 32 32 32 32 32 31 30 30 31 31 35 37 41 43 47 48 46 47 46 48 46 43 41 41 39 40 37 37 34 25 43 88 116 149 175 168 173 181 164 114 76 62 39 32 37 24 27 30 26 26 27 27 26 25 25 24 25 26 27 26 26 24 24 24 24 24 25 26 25 24 24 23 24 24 23 43 59 69 67 57 47 36 31 27 22 28 49 75 90 97 104 105 116 126 141 150 165 172 176 178 179 182 189 178 153 101 57 34 39 43 38 37 36 33 33 32 30 30 31 30 30 31 28 26 26 28 28 30 31 31 30 30 31 33 33 34 35 37 38 41 47 60 73 83 82 71 57 48 46 45 43 41 39 38 36 30 31 39 63 107 139 159 157 163 170 174 177 156 116 80 51 41 32 31 30 28 27 27 27 27 27 26 24 25 25 26 26 27 27 25 26 26 26 25 24 25 25 25 26 24 24 24 40 65 71 64 56 52 42 30 26 21 27 30 52 74 82 97 96 101 116 125 128 150 157 167 177 177 179 179 186 179 128 89 46 38 49 36 35 39 35 32 31 29 27 29 29 29 31 28 27 27 29 30 32 34 34 33 31 32 33 34 36 35 35 37 47 67 93 110 107 89 70 57 50 46 44 43 41 37 36 36 28 42 48 56 112 140 155 162 160 159 160 163 163 159 152 104 62 52 43 29 36 28 27 28 27 26 26 26 27 27 26 25 25 25 25 25 25 25 25 24 25 26 26 26 25 23 24 46 64 74 70 61 54 43 35 27 28 33 34 35 50 77 85 85 95 99 111 117 124 139 150 158 168 177 179 176 172 143 93 67 55 38 38 36 30 32 32 30 29 30 28 27 28 31 30 30 31 33 32 33 33 32 32 32 34 34 35 35 35 42 56 80 98 102 86 72 66 62 56 50 45 42 42 40 44 40 39 43 50 77 116 134 149 163 153 162 167 169 170 171 169 163 159 148 103 76 55 39 36 34 26 29 26 24 24 24 25 25 24 25 25 25 25 25 25 27 27 26 24 25 25 25 24 25 45 60 76 74 65 56 47 42 33 35 42 43 42 47 62 71 81 91 89 101 108 113 124 135 143 156 170 175 170 156 128 92 75 67 45 43 39 32 34 33 29 30 28 26 26 26 26 26 27 29 28 30 31 34 37 35 35 37 37 40 43 52 65 76 79 68 60 62 69 71 69 67 62 57 54 52 46 54 48 66 101 117 134 154 158 162 167 162 166 167 170 172 174 173 171 172 170 161 154 119 73 57 52 33 32 32 26 28 26 26 26 26 25 25 24 24 24 23 25 25 27 27 26 26 23 24 24 29 56 74 77 73 65 55 44 47 46 45 42 38 35 34 59 77 77 84 89 91 102 104 110 123 131 147 162 170 166 149 136 111 90 82 56 42 44 39 35 37 31 30 29 27 26 28 26 27 29 30 32 32 34 34 34 34 36 42 50 62 77 77 62 46 43 50 61 79 105 125 116 89 75 54 63 76 84 120 145 144 152 158 156 157 158 160 159 162 162 166 164 166 167 167 168 166 173 172 167 168 125 89 68 44 38 38 30 30 33 27 26 27 27 25 24 25 25 26 26 27 25 24 26 26 26 26 28 44 60 66 65 59 54 50 49 41 33 24 23 21 25 44 67 79 81 84 86 91 97 102 108 115 130 140 154 160 163 160 145 127 105 86 68 55 48 41 38 36 36 32 30 29 29 29 29 31 32 33 35 35 35 37 40 47 55 61 60 51 47 49 58 68 80 91 101 96 77 73 73 92 105 128 146 152 155 155 158 161 150 139 131 124 130 141 154 157 161 164 165 164 166 166 168 170 170 172 174 168 164 138 104 69 48 41 33 34 30 28 28 26 26 25 26 26 26 25 26 26 24 24 24 24 24 29 33 49 60 59 57 53 55 45 33 27 17 18 15 21 30 51 79 76 79 84 85 91 95 97 106 115 118 134 143 152 162 163 159 139 132 114 86 81 64 48 48 43 34 36 32 31 31 31 32 36 39 42 40 41 42 44 43 43 48 60 74 87 91 81 75 74 67 83 106 115 140 143 145 158 161 149 142 143 143 154 167 137 114 104 89 89 92 118 131 144 167 159 162 168 166 168 167 166 168 169 170 176 166 170 144 101 82 51 36 39 32 26 28 27 25 24 23 24 25 26 26 26 24 24 25 25 21 30 42 55 63 59 52 44 37 29 18 18 20 17 16 31 48 63 78 80 76 82 82 84 89 95 101 109 116 126 139 142 154 162 162 163 156 147 124 102 87 57 55 55 45 46 43 40 37 39 43 53 62 62 53 47 48 53 68 78 80 78 76 78 103 117 134 150 148 148 152 155 156 161 166 161 160 150 105 97 97 96 99 94 88 89 91 89 83 91 113 126 161 171 155 161 160 158 166 167 167 171 172 172 173 174 174 140 99 69 38 42 35 24 29 28 25 26 26 28 27 27 25 25 26 25 24 17 23 35 48 58 60 52 38 28 20 19 16 17 16 15 29 41 52 73 83 77 82 81 83 86 89 94 100 103 110 121 124 140 151 158 161 152 147 142 152 161 138 119 93 70 64 62 56 53 53 55 66 81 98 96 84 72 66 91 111 126 145 156 157 161 161 157 148 142 134 134 140 148 156 164 159 161 149 99 91 89 86 94 93 93 100 104 104 96 94 98 99 132 161 159 147 124 109 120 138 158 179 174 174 179 178 186 177 171 153 95 63 45 35 37 34 28 28 27 25 26 25 26 24 24 24 24 17 15 26 40 48 52 47 40 27 22 20 15 16 16 21 24 37 64 69 78 82 80 82 81 77 81 83 88 97 103 108 116 123 131 144 144 148 147 148 150 155 158 161 154 151 130 116 107 94 91 93 104 110 117 135 142 151 158 161 161 164 162 157 155 158 156 163 149 120 101 86 79 98 115 129 138 120 100 97 88 92 112 102 104 108 111 123 126 125 106 98 106 97 116 140 130 118 98 76 94 128 147 170 180 170 174 176 179 186 178 167 121 77 61 30 31 34 25 25 27 25 25 27 25 25 24 25 17 15 19 24 31 39 42 40 33 25 20 16 18 17 19 25 38 56 68 77 78 78 80 82 82 82 81 81 85 90 98 101 109 113 122 129 137 143 143 143 145 150 157 158 156 158 157 158 158 158 159 159 159 159 161 164 166 166 169 171 166 153 140 123 117 119 121 109 92 88 88 83 87 91 93 95 92 91 90 94 97 107 119 126 122 120 126 130 130 128 123 121 112 111 105 98 98 94 89 94 104 130 158 180 177 174 178 178 182 182 191 181 143 98 56 45 35 32 29 26 26 25 26 26 25 24 24 16 16 16 15 19 23 27 30 29 24 17 17 18 19 18 25 30 39 63 73 73 82 78 77 82 83 84 83 80 83 89 91 98 102 105 113 123 125 134 137 139 149 152 157 159 157 155 156 156 157 158 160 162 163 164 167 168 170 166 176 168 140 137 104 82 94 89 83 93 89 89 91 90 95 97 102 108 106 102 111 111 120 126 129 131 132 135 136 133 134 132 131 130 125 122 119 117 116 118 97 88 128 141 167 175 151 157 169 173 179 185 185 185 161 122 69 28 42 34 24 31 26 26 26 25 24 25 17 17 18 16 16 17 24 32 34 28 20 18 19 19 22 21 31 48 58 71 75 76 77 80 76 77 81 83 80 77 76 81 86 90 96 100 105 112 113 122 134 140 147 155 156 161 159 159 159 160 160 161 161 161 162 164 166 169 173 173 167 164 132 104 99 80 92 95 90 107 114 111 111 105 101 107 117 123 121 125 131 130 145 153 155 162 162 161 161 163 163 160 161 154 142 140 136 131 129 117 102 105 134 155 151 152 129 118 145 171 181 184 189 195 169 130 88 46 30 32 29 26 28 25 25 24 25 16 16 16 16 17 18 21 23 26 25 23 20 20 20 23 22 22 39 50 69 76 75 77 79 78 76 74 74 76 78 77 74 73 79 91 95 96 93 91 101 119 131 143 153 151 158 159 161 163 163 163 165 164 165 165 166 166 168 172 171 174 181 155 126 117 89 99 99 87 103 111 116 123 120 118 119 126 134 135 149 157 155 146 142 138 136 138 141 154 156 159 164 161 161 162 164 162 154 149 136 121 118 117 119 122 127 100 86 122 148 166 182 186 191 193 186 141 72 39 43 34 29 31 24 26 25 24 18 17 16 17 16 16 21 31 37 33 26 19 16 18 21 26 33 36 53 62 65 77 77 74 77 78 74 73 75 80 79 73 71 71 74 79 90 82 77 77 88 116 126 137 147 151 157 163 162 163 164 165 165 164 165 167 168 168 167 171 168 153 163 165 151 136 94 75 101 91 100 117 119 126 121 133 141 149 154 149 139 134 134 138 148 151 158 164 163 152 145 144 145 144 145 155 159 162 164 160 157 142 136 128 108 104 104 103 88 106 145 158 194 191 187 200 170 142 82 41 42 30 29 28 26 24 27 19 17 16 16 16 16 19 24 27 29 24 19 17 18 20 23 30 36 47 60 67 74 74 74 75 76 77 82 82 78 78 79 79 72 69 72 76 75 72 64 68 89 109 128 134 142 150 155 159 163 164 167 167 168 169 170 171 171 174 178 163 126 117 137 159 137 104 87 97 93 97 110 118 132 141 151 153 151 144 140 141 149 152 154 158 154 148 142 140 137 140 143 149 153 155 152 153 158 161 166 172 172 162 150 133 123 117 113 101 97 119 144 174 187 191 195 189 186 135 74 40 33 35 27 28 26 24 17 16 17 16 16 16 17 22 28 33 30 23 19 18 20 23 27 39 39 54 72 72 74 76 74 74 74 74 78 80 77 74 75 80 75 71 64 66 69 55 54 58 75 98 105 134 139 139 155 157 160 167 169 169 170 170 171 171 181 179 159 131 94 96 120 93 93 96 88 93 94 113 119 137 160 160 155 150 154 163 162 160 146 145 143 136 137 136 142 143 148 157 159 162 164 162 159 157 157 157 156 156 162 163 161 150 139 128 115 99 108 148 158 180 206 190 194 201 169 118 52 42 41 21 30 30 24 19 17 17 17 17 17 17 21 28 33 32 25 17 16 19 25 30 30 38 50 59 76 76 75 76 74 72 70 72 76 78 74 70 70 71 72 70 68 61 56 50 44 49 57 73 90 114 141 143 153 161 161 166 169 171 172 173 174 174 185 175 141 128 108 96 101 99 98 104 103 106 118 142 157 161 168 170 166 153 149 143 141 140 143 152 152 161 166 167 169 170 170 159 153 154 152 156 160 167 168 165 163 159 159 164 167 156 134 115 107 112 122 164 189 191 199 198 203 189 152 110 62 36 38 35 27 29 15 16 16 17 16 16 16 15 22 33 38 34 24 19 21 24 26 28 45 58 66 79 76 74 80 80 78 77 77 75 74 78 77 68 64 68 75 74 67 67 59 46 50 49 54 64 87 121 129 149 157 154 162 168 168 170 172 173 177 182 182 176 181 144 113 114 103 100 119 118 118 131 155 168 163 157 147 137 133 141 153 166 167 171 171 168 161 155 155 144 143 145 149 155 161 161 157 154 150 147 148 152 150 155 164 164 168 162 128 104 108 127 171 190 190 196 194 197 197 191 156 81 34 38 38 28 31 18 17 18 18 19 18 18 18 20 25 34 36 31 22 20 18 23 32 30 50 69 74 75 76 74 76 76 77 81 81 79 74 75 78 73 69 61 62 68 58 61 56 45 49 51 60 60 75 115 131 137 157 154 156 166 169 173 175 179 182 187 191 185 185 184 135 125 110 95 108 119 141 158 166 151 137 140 151 155 162 161 156 148 148 146 140 139 140 142 145 148 154 157 151 144 142 142 144 142 153 164 163 164 159 154 155 160 166 157 123 120 152 166 189 206 194 197 193 197 205 171 107 55 22 40 32 22 18 18 18 17 18 18 18 18 17 21 30 40 42 35 26 20 19 21 25 37 50 62 71 74 76 75 74 74 75 78 79 78 75 73 72 72 66 54 50 50 58 50 44 48 52 53 50 63 86 108 120 138 147 154 163 166 171 172 177 181 183 185 187 179 172 162 152 121 96 95 110 138 162 170 156 148 153 159 153 149 150 154 151 151 151 148 148 152 155 153 148 141 138 135 138 136 139 144 148 150 148 149 150 155 160 166 169 171 169 153 146 158 176 188 197 192 195 192 199 204 192 141 83 41 36 29 29 18 18 18 18 17 18 16 16 18 20 23 27 34 31 24 17 19 18 23 32 36 52 51 54 70 74 77 77 72 72 74 76 77 73 72 72 73 66 51 52 50 38 47 48 50 50 48 60 61 91 106 105 128 147 149 163 172 172 179 183 186 185 195 176 150 147 124 96 102 95 105 131 162 177 163 152 153 152 149 153 151 150 152 157 158 159 154 149 148 141 138 137 139 141 141 148 151 153 156 155 152 152 151 155 157 154 155 160 154 165 175 170 195 196 189 194 192 195 203 198 196 157 103 69 33 21 38 17 17 17 17 18 19 21 19 18 17 19 21 23 21 18 16 16 16 17 23 29 29 27 29 38 58 72 72 77 74 73 73 75 76 74 73 68 69 68 48 42 42 44 49 50 51 50 50 56 63 78 104 107 118 141 146 160 171 177 181 184 189 190 194 188 138 115 98 91 98 105 133 161 170 158 149 148 150 148 149 153 158 153 151 146 142 141 138 144 144 150 160 159 167 173 176 173 164 160 151 149 152 156 162 162 169 167 166 177 176 180 188 189 193 197 193 197 192 202 204 204 187 139 61 33 25 30 20 18 18 16 18 19 19 18 16 16 18 19 18 18 17 16 16 16 18 18 18 19 19 22 20 31 47 55 70 72 72 73 73 73 73 74 72 69 71 56 50 45 38 45 53 53 53 53 53 51 52 73 79 94 123 126 145 165 171 178 185 187 188 194 200 161 140 120 95 106 114 129 152 161 159 153 154 155 157 155 150 147 139 140 144 148 151 156 175 175 174 177 178 170 161 158 151 150 152 163 172 172 175 172 170 171 170 171 183 184 188 196 191 192 198 194 196 194 202 203 204 195 155 68 37 30 32 21 21 19 19 19 17 19 17 16 16 16 16 16 16 16 17 17 16 16 16 15 16 19 20 22 22 23 33 43 60 71 70 72 72 71 73 74 70 62 64 58 41 49 42 45 58 56 57 56 57 49 45 66 81 88 118 135 134 161 170 178 182 192 189 192 200 174 133 123 101 113 130 142 157 162 164 162 155 140 141 139 143 143 149 164 166 171 173 168 163 159 157 153 149 153 159 163 171 178 176 169 158 156 153 145 147 145 148 142 159 180 179 205 199 189 196 195 195 204 197 200 183 138 84 36 23 42 21 21 21 21 21 21 20 18 17 17 17 18 18 16 16 17 17 16 15 15 15 16 16 17 18 21 22 22 23 34 51 62 72 71 68 68 69 71 68 68 65 55 52 44 46 54 55 60 58 58 53 49 52 57 72 96 117 121 143 155 170 178 186 189 193 201 192 178 164 133 121 114 121 139 153 162 149 141 139 150 156 165 166 169 169 163 153 150 155 156 161 164 170 176 175 178 175 166 161 155 151 148 150 152 148 150 148 150 148 157 173 186 203 199 195 198 198 196 202 199 198 182 141 81 40 26 37 22 22 22 21 21 19 20 19 19 19 19 18 18 18 18 18 18 18 17 17 17 17 17 16 16 16 19 19 23 23 25 43 56 64 73 68 65 65 65 63 67 67 55 52 51 42 56 61 56 58 57 57 41 44 61 66 92 116 121 138 163 168 181 186 188 190 195 195 189 183 167 131 131 121 127 152 157 162 167 167 168 166 153 152 152 156 159 164 176 179 179 178 176 168 161 161 155 147 151 152 153 158 163 165 162 165 162 161 175 174 184 200 197 200 206 198 202 197 199 196 191 180 140 67 44 32 28 21 21 20 19 20 19 20 20 20 18 18 17 19 19 18 17 17 17 16 16 16 17 16 17 16 16 16 16 18 21 23 21 29 43 54 65 69 64 63 65 62 54 57 49 44 51 51 58 58 59 54 49 49 41 36 48 64 78 107 120 135 159 173 179 185 188 190 189 192 192 192 182 170 153 138 125 141 165 153 156 151 150 151 158 168 169 167 166 166 161 157 156 154 151 151 151 148 151 161 166 173 174 170 161 153 156 154 157 158 175 189 190 206 203 199 202 203 194 195 189 185 169 130 81 39 25 38 20 22 22 20 20 20 22 20 21 19 18 18 19 19 18 17 17 18 19 17 16 17 17 17 16 16 17 16 16 17 18 20 23 25 27 46 62 61 63 67 67 58 61 44 39 51 49 54 56 59 55 46 51 40 30 34 36 40 74 97 114 141 158 165 180 183 186 186 190 190 193 192 191 189 192 174 159 152 146 170 174 173 174 169 158 157 153 153 158 161 165 169 169 161 154 154 161 168 178 176 165 152 154 157 159 162 164 168 165 185 194 195 213 210 199 198 197 188 189 185 185 166 123 80 35 23 40 21 21 22 22 22 20 20 20 20 20 20 19 18 18 17 18 18 18 18 18 17 16 16 16 17 16 15 16 15 15 15 16 18 19 26 26 36 58 65 67 72 68 53 46 45 38 46 54 52 52 53 51 37 37 32 26 26 32 39 65 103 108 135 159 163 176 186 184 190 189 190 190 192 191 193 193 189 194 198 189 184 184 160 158 163 164 169 174 175 174 169 159 157 157 163 170 177 174 170 159 151 153 163 173 172 182 180 182 198 195 202 208 202 198 201 191 188 187 188 191 174 158 114 51 35 29 28 22 23 25 24 22 21 23 22 21 19 20 20 21 20 19 19 18 18 16 17 18 16 16 17 17 18 17 16 17 17 16 16 17 18 20 20 24 38 53 67 77 74 63 51 46 39 43 51 52 52 53 52 44 38 32 28 26 28 30 39 68 88 117 137 149 162 175 179 183 185 187 188 192 191 192 193 192 194 196 194 197 201 193 188 182 175 169 166 162 160 164 169 170 171 174 168 164 156 157 151 149 151 152 155 154 158 163 172 189 193 198 198 193 192 194 190 188 187 184 181 163 140 103 58 38 29 30 23 23 24 23 24 23 22 21 20 21 21 21 21 20 19 20 19 19 17 18 18 17 18 17 16 16 18 17 17 16 17 16 16 16 14 19 26 27 45 62 67 74 76 63 51 53 44 49 54 57 54 51 51 34 28 29 25 23 29 30 39 72 101 107 137 146 157 173 175 180 184 188 189 187 189 191 193 193 196 196 197 195 203 196 192 193 179 175 184 174 171 175 164 158 161 156 160 161 156 154 154 157 152 159 171 164 177 192 186 195 201 189 192 191 186 185 181 178 167 159 153 121 83 64 33 24 35 23 21 23 22 23 22 22 22 24 23 21 21 21 21 20 20 19 19 19 20 19 19 17 18 18 17 17 17 17 17 17 17 17 16 15 17 19 22 29 43 60 67 72 77 75 65 57 57 52 55 58 57 49 44 37 28 25 23 24 25 36 42 66 95 111 129 147 155 165 175 176 180 183 186 189 190 191 191 195 197 197 197 199 198 202 200 200 203 190 182 176 159 165 167 167 170 170 166 160 160 162 161 168 177 180 188 193 194 197 196 194 191 189 185 180 173 167 158 148 148 132 117 93 55 37 30 28 23 24 24 24 25 24 24 20 21 21 20 20 21 21 20 20 18 18 20 20 19 17 16 17 18 17 14 15 16 15 14 15 16 16 16 13 15 20 25 40 55 59 64 76 79 71 63 57 50 53 60 53 46 45 36 28 22 23 32 39 41 29 48 80 95 114 135 135 153 163 164 172 177 182 187 188 191 189 192 193 194 195 197 194 198 198 200 202 200 202 199 194 199 190 177 174 172 171 166 175 182 181 191 193 193 197 196 191 191 185 186 183 175 164 153 147 143 138 136 137 127 130 114 57 34 26 26 23 22 21 22 24 24 22 21 21 21 20 20 20 21 21 20 20 20 20 21 19 19 19 19 18 17 17 17 16 18 17 16 16 16 16 16 17 13 19 29 35 51 55 59 69 75 72 67 66 64 57 57 50 40 41 34 22 25 29 33 29 30 41 48 83 93 103 129 134 142 153 157 163 170 173 178 182 186 189 187 190 191 195 200 203 204 205 204 211 213 213 212 206 203 197 193 194 195 196 196 196 198 194 194 192 190 188 184 180 173 164 159 149 140 138 136 133 129 128 123 130 132 113 79 35 20 35 24 23 24 25 24 25 23 25 24 25 23 22 21 22 22 22 21 21 20 20 19 20 19 18 17 17 17 17 16 16 16 16 16 15 16 17 16 15 18 19 22 36 46 54 60 67 73 74 72 66 61 55 48 41 32 26 20 24 25 32 35 36 36 40 61 78 94 106 113 123 131 139 144 154 156 165 171 177 180 180 185 185 193 198 200 199 198 199 200 199 201 200 203 202 204 201 200 197 197 192 190 189 186 183 178 174 168 159 148 137 126 123 124 124 125 125 124 125 129 137 143 143 113 66 30 22 32 24 24 24 24 23 24 24 24 24 24 22 21 21 22 22 24 23 23 21 20 19 19 20 19 18 17 17 18 18 17 16 16 16 16 17 19 18 16 16 16 20 20 31 44 47 60 67 68 70 71 67 51 48 47 30 24 22 19 20 25 31 27 32 44 51 77 102 94 106 112 114 125 128 132 139 146 155 165 168 168 169 174 182 183 190 193 197 201 205 205 206 206 208 199 200 194 189 188 184 181 177 172 165 153 150 138 124 114 94 79 77 84 94 102 114 115 120 131 147 162 159 156 122 55 35 27 26 24 24 25 23 22 22 22 23 24 24 24 23 23 22 23 24 22 21 21 20 21 20 21 20 19 19 20 19 19 17 15 16 18 18 17 17 16 16 15 16 16 19 21 26 39 47 56 64 68 65 60 54 46 36 29 20 17 18 18 20 25 31 35 31 50 67 90 102 104 110 118 121 124 129 132 139 145 154 159 162 167 173 183 194 201 203 205 204 203 199 199 195 194 188 184 179 174 171 163 154 149 132 121 107 91 79 71 60 50 53 60 68 82 96 104 111 132 152 168 169 161 139 104 62 32 27 35 23 25 25 25 24 23 23 23 22 21 22 22 23 23 23 23 23 23 21 20 20 20 20 20 20 19 18 18 18 18 18 17 18 18 17 17 17 17 18 16 16 16 18 21 28 35 44 56 60 60 58 53 46 37 31 22 15 19 18 20 21 25 29 22 39 53 74 96 93 100 109 111 115 120 121 132 139 144 153 160 167 174 183 188 189 187 185 185 184 181 180 177 175 170 165 154 140 132 115 98 92 72 62 61 52 47 44 46 44 54 74 85 97 113 114 118 133 148 158 160 151 112 70 53 33 25 32 24 23 23 22 22 22 23 23 23 23 23 24 24 24 25 25 25 23 23 24 22 22 21 21 20 21 19 18 18 19 17 17 17 17 17 16 16 15 16 17 16 16 17 19 17 24 34 41 52 59 56 48 45 39 25 23 22 20 19 22 24 27 34 36 31 48 75 79 90 99 98 105 106 107 115 119 121 131 136 144 150 154 161 163 162 162 164 163 162 160 160 156 148 144 126 110 92 64 61 57 49 47 45 42 39 42 42 44 61 87 100 122 130 127 137 145 151 145 136 127 96 74 49 28 35 31 25 23 23 24 24 23 23 23 22 22 23 23 23 23 24 24 25 26 25 25 25 23 22 23 22 21 21 21 18 19 21 20 19 18 18 18 16 15 15 16 16 17 17 17 18 16 19 22 29 41 51 49 45 44 40 29 22 20 18 18 19 22 25 29 32 35 44 62 72 85 93 93 96 99 101 104 109 113 118 121 125 130 133 136 138 140 140 142 140 142 142 142 136 121 105 78 62 56 44 44 42 41 40 40 43 44 57 71 85 107 128 139 148 150 150 164 178 177 158 127 99 65 49 40 27 29 27 24 22 23 24 24 24 24 24 22 22 22 23 23 24 25 25 25 25 25 24 26 24 23 21 21 20 20 20 18 19 19 18 19 19 19 17 18 17 17 17 18 17 16 16 16 17 17 17 22 26 30 35 36 37 34 29 22 16 20 20 21 20 25 31 31 35 33 41 71 81 85 94 92 95 97 98 103 106 110 113 116 118 121 122 123 125 126 129 130 132 135 121 111 85 56 52 43 40 41 43 44 46 60 63 70 91 107 114 136 148 157 171 168 164 165 168 158 130 116 77 47 44 31 27 27 23 21 25 23 23 23 23 21 21 22 23 23 21 21 23 24 25 25 24 23 22 23 23 23 22 22 22 21 21 21 20 21 20 21 20 19 20 18 17 19 19 18 17 17 17 16 16 16 17 17 16 18 20 20 22 23 23 21 20 18 18 20 23 23 24 26 29 26 27 43 60 80 88 86 93 93 94 97 99 99 104 107 110 112 113 115 116 117 118 120 123 125 126 111 83 62 56 52 47 50 56 63 78 94 106 113 127 132 140 150 165 175 178 176 163 153 143 115 92 73 54 41 37 32 28 27 24 23 24 24 23 23 23 22 22 23 23 22 22 25 24 24 23 22 23 25 27 26 25 24 22 22 22 20 21 22 22 20 20 21 21 20 18 18 18 18 18 18 18 19 17 17 17 16 17 18 19 17 17 18 19 21 18 18 19 20 20 19 20 21 23 25 30 36 31 26 37 49 79 90 84 92 92 92 94 95 96 100 101 104 106 108 110 112 113 113 114 116 116 113 103 81 66 70 81 87 100 113 118 127 134 138 143 155 161 169 174 173 161 151 140 113 92 83 56 47 44 32 30 29 25 24 25 24 25 24 24 25 24 22 22 23 24 23 22 22 22 23 24 24 24 22 22 23 24 24 25 25 23 22 22 22 22 22 20 20 21 21 21 21 20 18 18 19 18 17 17 18 18 18 17 17 17 17 16 17 16 16 16 16 17 18 19 19 19 21 22 23 24 26 27 30 22 27 56 74 86 93 91 91 96 95 97 98 100 100 102 101 105 108 110 112 112 112 111 111 113 115 112 119 123 126 133 139 140 150 158 162 165 171 170 161 157 147 125 111 97 71 60 48 36 38 34 27 27 25 24 24 23 24 24 23 22 22 23 23 23 24 24 23 23 23 25 25 24 22 24 25 25 23 22 22 22 24 25 25 23 22 22 23 23 21 20 21 20 20 20 20 19 18 18 19 18 19 19 19 18 18 18 19 19 19 17 17 17 16 17 16 18 20 18 17 18 19 22 25 29 33 34 22 25 57 85 98 102 102 100 100 101 100 100 102 102 105 106 108 111 112 114 115 116 114 117 119 128 135 148 156 159 166 170 171 174 173 166 155 144 130 112 97 85 64 52 46 33 32 29 24 22 23 22 22 22 24 24 23 21 21 23 24 26 24 24 24 24 23 24 24 24 24 25 23 23 24 24 23 24 22 21 22 22 24 24 24 24 23 24 24 21 21 21 21 20 20 21 20 19 18 21 21 20 19 18 17 17 17 18 17 17 16 17 16 16 16 16 17 18 20 20 19 19 22 25 28 29 22 20 38 54 98 118 110 118 115 114 117 118 116 118 118 121 122 124 129 134 138 142 145 143 150 150 151 154 158 160 160 162 156 143 136 125 108 99 86 64 60 50 37 36 32 26 26 22 18 20 20 21 22 23 24 23 23 24 25 25 24 23 24 24 24 24 24 23 23 22 23 22 23 23 21 22 23 23 24 23 22 21 22 22 22 23 24 23 24 24 22 21 22 22 22 22 21 20 20 20 20 20 20 19 17 17 17 17 18 17 18 18 17 17 19 19 19 19 22 24 23 23 22 22 25 28 30 28 18 26 53 82 100 108 110 110 120 123 129 131 133 136 138 140 143 150 164 174 185 189 182 174 163 153 145 134 126 120 110 98 88 77 64 58 48 41 36 31 29 26 24 22 21 20 19 19 19 20 22 24 24 23 23 23 22 22 23 24 24 25 23 24 25 24 25 25 24 24 24 24 24 24 23 23 23 23 23 23 24 25 24 24 22 24 23 23 21 20 20 20 21 21 21 21 21 21 21 20 21 22 20 18 18 19 19 18 18 17 17 17 17 17 19 17 18 23 30 32 29 27 26 27 29 27 28 21 22 40 54 68 82 81 85 99 99 106 113 120 131 137 137 138 142 148 150 149 143 131 120 112 100 95 81 66 62 55 46 44 40 33 33 30 26 25 21 19 19 18 18 18 18 18 20 20 21 22 23 22 24 25 25 25 25 25 25 25 25 25 25 25 26 24 23 23 25 25 25 24 24 26 25 24 23 23 23 23 25 24 22 22 23 23 23 23 23 24 25 22 20 20 20 20 21 21 20 19 21 21 21 19 18 18 18 20 18 17 18 18 18 17 18 19 25 32 39 37 32 34 39 38 32 23 21 24 23 33 47 52 62 65 66 73 77 81 87 91 94 96 96 95 93 92 86 78 75 64 54 49 41 38 40 33 30 29 26 25 24 22 19 18 18 18 18 16 17 19 21 21 20 20 20 20 21 23 23 25 25 25 23 23 23 25 25 25 25 24 24 24 25 25 25 24 25 23 23 23 24 24 24 24 24 24 24 24 24 23 22 22 24 25 25 25 23 23 22 21 22 22 23 23 24 22 21 20 21 21 21 20 19 19 19 18 19 19 19 20 18 19 19 23 30 36 41 42 43 44 40 31 23 18 22 22 23 28 32 38 40 43 48 51 52 54 54 55 55 55 51 49 47 45 39 37 35 33 29 26 24 24 22 21 20 20 18 18 18 17 18 19 19 19 20 20 22 22 22 22 22 23 23 24 25 25 25 24 25 25 25 25 23 24 24 24 24 24 24 24 24 24 24 24 24 24 24 24 24 24 24 24 24 24 24 24 24 24 24 24 24 24 24 24 24 24 24 24 24 24 24 24 24 24 24 24 24 24 24 24 24 24 24 24 24 24 24 24 24 24 24 24 24 24 24 24 24 24 24 24 24 24 24 24 24 24 24 24 24 24 24 24 24 24 24 24 24 24 24 24 24 24 24 24 24 24 24 24 24 24 24 24 24 24 24 24 24 24 24 24 24 24 24 24 24 24 24 24 24 24 24 24 24 24 24 24 24 24 24 24 24 24 24 24 24 24 24 24 24 24 24 24 24 24 24 24 24 24 24 24 24 24 24 24 24 24 24 24 24 24 24 24 24 24 24 24 24 24 24 24 24 24 24 24 24 24 24 24 24 24 24 24 24 24 24 24 24 24 24 24 24 24 24 24 24 24 24 24 24 24 24 24 24 24 24 24 24 24 24 24 24 24 24 24 24 24 24 24 24 24 24 24 24 24 24 24 24 24 24 24 24 24 24 24 24 24 24 24 24 24 24 24 24 24 24 24 24 24 24 24 24 24 24 24 24 24 24 24 24 24 24 24 24 24 24 24 24 24 24 24 24 24 24 24 24 24 24 24 24 24 24 24 24 24 24 24 24 24 24 24 24 24 24 24 24 24 24 24 24 24 24 24 24 24 24 24 24 24 24 24 24 24 24 24 24 24 24 24 24 24 24 24 24 24 24 24 24 24 24 24 24 24 24 24 24 24 24 24 24 24 24 24 24 24 24 24 24 24 24 24 24 24 24 24 24 24 24 24 24 24 24 24 24 24 24 24 24 24 24 24 24 24 24 24 24 24 24 24 24 24 24 24 24 24 24 24 24 24 24 24 24 24 24 24 24 24 24 24 24 24 24 24 24 24 24 24 24 24 24 24 24 24 24 24 24 24 24 24 24 24 24 24 24 24 24 24 24 24 24 24 24 24 24 24 24 24 24 24 24 24 24 24 24 24 24 24 24 24 24 24 24 24 24 24 24 24 24 24 24 24 24 24 24 24 24 24 24 24 24 24 24 24 24 24 24 24 24 24 24 24 24 24 24 24 24 24 24 24 24 24 24 24 24 24 24 24 24 24 24 24 24 24 24 24 24 24 24 24 24 24 24 24 24 24 24 24 24 24 24 24 24 24 24 24 24 24 24 24 24 24 24 24 24 24 24 24 24 24 24 24 24 24 24 24 24 24 24 24 24 24 24 24 24 24 24 24 24 24 24 24 24 24 24 24 24 24 24 24 24 24 24 24 24 24 24 24 24 24 24 24 24 24 24 24 24 24 24 24 24 24 24 24 24 24 24 24 24 24 24 24 24 24 24 24 24 24 24 24 24 24 24 24 24 24 24 24 24 24 24 24 24 24 24 24 24 24 24 24 24 24 24 24 24 24 24 24 24 24 24 24 24 24 24 24 24 24 24 24 24 24 24 24 24 24 24 24 24 24 24 24 24 24 24 24 24 24 24 24 24 24 24 24 24 24 24 24 24 24 24 24 24 24 24 24 24 24 24 24 24 24 24 24 24 24 24 24 24 24 24 24 24 24 24 24 24 24 24 24 24 24 24 24 24 24 24 24 24 24 24 24 24 24 24 24 24 24 24 24 24 24 24 24 24 24 24 24 24 24 24 24 24 24 24 24 24 24 24 24 24 24 24 24 24 24 24 24 24 24 24 24 24 24 24 24 24 24 24 24 24 24 24 24 24 24 24 24 24 24 24 24 24 24 24 24 24 24 24 24 24 24 24 24 24 24 24 24 24 24 24 24 24 24 24 24 24 24 24 24 24 24 24 24 24 24 24 24 24 24 24 24 24 24 24 24 24 24 24 24 24 24 24 24 24 24 24 24 24 24 24 24 24 24 24 24 24 24 24 24 24 24 24 24 24 24 24 24 24 24 24 24 24 24 24 24 24 24 24 24 24 24 24 24 24 24 24 24 24 24 24 24 24 24 24 24 24 24 24 24 24 24 24 24 24 24 24 24 24 24 24 24 24 24 24 24 24 24 24 24 24 24 24 24 24 24 24 24 24 24 24 24 24 24 24 24 24 24 24 24 24 24 24 24 24 24 24 24 24 24 24 24 24 24 24 24 24 24 24 24 24 24 24 24 24 24 24 24 24 24 24 24 24 24 24 24 24 24 24 24 24 24 24 24 24 24 24 24 24 24 24 24 24 24 24 24 24 24 24 24 24 24 24 24 24 24 24 24 24 24 24 24 24 24 24 24 24 24 24 24 24 24 24 24 24 24 24 24 24 24 24 24 24 24 24 24 24 24 24 24 24 24 24 24 24 24 24 24 24 24 24 24 24 24 24 24 24 24 24 24 24 24 24 24 24 24 24 24 24 24 24 24 24 24 24 24 24 24 24 24 24 24 24 24 24 24 24 24 24 24 24 24 24 24 24 24 24 24 24 24 24 24 24 24 24 24 24 24 24 24 24 24 24 24 24 24 24 24 24 24 24 24 24 24 24 24 24 24 24 24 24 24 24 24 24 24 24 24 24 24 24 24 24 24 24 24 24 24 24 24 24 24 24 24 24 24 24 24 24 24 24 24 24 24 24 24 24 24 24 24 24 24 24 24 24 24 24 24 24 24 24 24 24 24 24 24 24 24 24 24 24 24 24 24 24 24 24 24 24 24 24 24 24 24 24 24 24 24 24 24 24 24 24 24 24 24 24 24 24 24 24 24 24 24 24 24 24 24 24 24 24 24 24 24 24 24 24 24 24 24 24 24 24 24 24 24 24 24 24 24 24 24 24 24 24 24 24 24 24 24 24 24 24 24 24 24 24 24 24 24 24 24 24 24 24 24 24 24 24 24 24 24 24 24 24 24 24 24 24 24 24 24 24 24 24 24 24 24 24 24 24 24 24 24 24 24 24 24 24 24 24 24 24 24 24 24 24 24 24 24 24 24 24 24 24 24 24 24 24 24 24 24 24 24 24 24 24 24 24 24 24 24 24 24 24 24 24 24 24 24 24 24 24 24 24 24 24 24 24 24 24 24 24 24 24 24 24 24 24 24 24 24 24 24 24 24 24 24 24 24 24 24 24 24 24 24 24 24 24 24 24 24 24 24 24 24 24 24 24 24 24 24 24 24 24 24 24 24 24 24 24 24 24 24 24 24 24 24 24 24 24 24 24 24 24 24 24 24 24 24 24 24 24 24 24 24 24 24 24 24 24 24 24 24 24 24 24 24 24 24 24 24 24 24 24 24 24 24 24 24 24 24 24 24 24 24 24 24 24 24 24 24 24 24 24 24 24 24 24 24 24 24 24 24 24 24 24 24 24 24 24 24 24 24 24 24 24 24 24 24 24 24 24 24 24 24 24 24 24 24 24 24 24 24 24 24 24 24 24 24 24 24 24 24 24 24 24 24 24 24 24 24 24 24 24 24 24 24 24 24 24 24 24 24 24 24 24 24 24 24 24 24 24 24 24 24 24 24 24 24 24 24 24 24 24 24 24 24 24 24 24 24 24 24 24 24 24 24 24 24 24 24 24 24 24 24 24 24 24 24 24 24 24 24 24 24 24 24 24 24 24 24 24 24 24 24 24 24 24 24 24 24 24 24 24 24 24 24 24 24 24 24 24 24 24 24 24 24 24 24 24 24 24 24 24 24 24 24 24 24 24 24 24 24 24 24 24 24 24 24 24 24 24 24 24 24 24 24 24 24 24 24 24 24 24 24 24 24 24 24 24 24 24 24 24 24 24 24 24 24 24 24 24 24 24 24 24 24 24 24 24 24 24 24 24 24 24 24 24 24 24 24 24 24 24 24 24 24 24 24 24 24 24 24 24 24 24 24 24 24 24 24 24 24 24 24 24 24 24 24 24 24 24 24 24 24 24 24 24 24 24 24 24 24 24 24 24 24 24 24 24 24 24 24 24 24 24 24 24 24 24 24 24 24 24 24 24 24 24 24 24 24 24 24 24 24 24 24 24 24 24 24 24 24 24 24 24 24 24 24 24 24 24 24 24 24 24 24 24 24 24 24 24 24 24 24 24 24 24 24 24 24 24 24 24 24 24 24 24 24 24 24 24 24 24 24 24 24 24 24 24 24 24 24 24 24 24 24 24 24 24 24 24 24 24 24 24 24 24 24 24 24 24 24 24 24 24 24 24 24 24 24 24 24 24 24 24 24 24 24 24 24 24 24 24 24 24 24 24 24 24 24 24 24 24 24 24 24 24 24 24 24 24 24 24 24 24 24 24 24 24 24 24 24 24 24 24 24 24 24 24 24 24 24 24 24 24 24 24 24 24 24 24 24 24 24 24 24 24 24 24 24 24 24 24 24 24 24 24 24 24 24 24 24 24 24 24 24 24 24 24 24 24 24 24 24 24 24 24 24 24 24 24 24 24 24 24 24 24 24 24 24 24 24 24 24 24 24 24 24 24 24 24 24 24 24 24 24 24 24 24 24 24 24 24 24 24 24 24 24 24 24 24 24 24 24 24 24 24 24 24 24 24 24 24 24 24 24 24 24 24 24 24 24 24 24 24 24 24 24 24 24 24 24 24 24 24 24 24 24 24 24 24 24 24 24 24 24 24 24 24 24 24 24 24 24 24 24 24 24 24 24 24 24 24 24 24 24 24 24 24 24 24 24 24 24 24 24 24 24 24 24 24 24 24 24 24 24 24 24 24 24 24 24 24 24 24 24 24 24 24 24 24 24 24 24 24 24 24 24 24 24 24 24 24 24 24 24 24 24 24 24 24 24 24 24 24 24 24 24 24 24 24 24 24 24 24 24 24 24 24 24 24 24 24 24 24 24 24 24 24 24 24 24 24 24 24 24 24 24 24 24 24 24 24 24 24 24 24 24 24 24 24 24 24 24 24 24 24 24 24 24 24 24 24 24 24 24 24 24 24 24 24 24 24 24 24 24 24 24 24 24 24 24 24 24 24 24 24 24 24 24 24 24 24 24 24 24 24 24 24 24 24 24 24 24 24 24 24 24 24 24 24 24 24 24 24 24 24 24 24 24 24 24 24 24 24 24 24 24 24 24 24 24 24 24 24 24 24 24 24 24 24 24 24 24 24 24 24 24 24 24 24 24 24 24 24 24 24 24 24 24 24 24 24 24 24 24 24 24 24 24 24 24 24 24 24 24 24 24 24 24 24 24 24 24 24 24 24 24 24 24 24 24 24 24 24 24 24 24 24 24 24 24 24 24 24 24 24 24 24 24 24 24 24 24 24 24 24 24 24 24 24 24 24 24 24 24 24 24 24 24 24 24 24 24 24 24 24 24 24 24 24 24 24 24 24 24 24 24 24 24 24 24 24 24 24 24 24 24 24 24 24 24 24 24 24 24 24 24 24 24 24 24 24 24 24 24 24 24 24 24 24 24 24 24 24 24 24 24 24 24 24 24 24 24 24 24 24 24 24 24 24 24 24 24 24 24 24 24 24 24 24 24 24 24 24 24 24 24 24 24 24 24 24 24 24 24 24 24 24 24 24 24 24 24 24 24 24 24 24 24 24 24 24 24 24 24 24 24 24 24 24 24 24 24 24 24 24 24 24 24 24 24 24 24 24 24 24 24 24 24 24 24 24 24 24 24 24 24 24 24 24 24 24 24 24 24 24 24 24 24 24 24 24 24 24 24 24 24 24 24 24 24 24 24 24 24 24 24 24 24 24 24 24 24 24 24 24 24 24 24 24 24 24 24 24 24 24 24 24 24 24 24 24 24 24 24 24 24 24 24 24 24 24 24 24 24 24 24 24 24 24 24 24 24 24 24 24 24 24 24 24 24 24 24 24 24 24 24 24 24 24 24 24 24 24 24 24 24 24 24 24 24 24 24 24 24 24 24 24 24 24 24 24 24 24 24 24 24 24 24 24 24 24 24 24 24 24 24 24 24 24 24 24 24 24 24 24 24 24 24 24 24 24 24 24 24 24 24 24 24 24 24 24 24 24 24 24 24 24 24 24 24 24 24 24 24 24 24 24 24 24 24 24 24 24 24 24 24 24 24 24 24 24 24 24 24 24 24 24 24 24 24 24 24 24 24 24 24 24 24 24 24 24 24 24 24 24 24 24 24 24 24 24 24 24 24 24 24 24 24 24 24 24 24 24 24 24 24 24 24 24 24 24 24 24 24 24 24 24 24 24 24 24 24 24 24 24 24 24 24 24 24 24 24 24 24 24 24 24 24 24 24 24 24 24 24 24 24 24 24 24 24 24 24 24 24 24 24 24 24 24 24 24 24 24 24 24 24 24 24 24 24 24 24 24 24 24 24 24 24 24 24 24 24 24 24 24 24 24 24 24 24 24 24 24 24 24 24 24 24 24 24 24 24 24 24 24 24 24 24 24 24 24 24 24 24 24 24 24 24 24 24 24 24 24 24 24 24 24 24 24 24 24 24 24 24 24 24 24 24 24 24 24 24 24 24 24 24 24 24 24 24 24 24 24 24 24 24 24 24 24 24 24 24 24 24 24 24 24 24 24 24 24 24 24 24 24 24 24 24 24 24 24 24 24 24 24 24 24 24 24 24 24 24 24 24 24 24 24 24 24 24 24 24 24 24 24 24 24 24 24 24 24 24 24 24 24 24 24 24 24 24 24 24 24 24 24 24 24 24 24 24 24 24 24 24 24 24 24 24 24 24 24 24 24 24 24 24 24 24 24 24 24 24 24 24 24 24 24 24 24 24 24 24 24 24 24 24 24 24 24 24 24 24 24 24 24 24 24 24 24 24 24 24 24 24 24 24 24 24 24 24 24 24 24 24 24 24 24 24 24 24 24 24 24 24 24 24 24 24 24 24 24 24 24 24 24 24 24 24 24 24 24 24 24 24 24 24 24 24 24 24 24 24 24 24 24 24 24 24 24 24 24 24 24 24 24 24 24 24 24 24 24 24 24 24 24 24 24 24 24 24 24 24 24 24 24 24 24 24 24 24 24 24 24 24 24 24 24 24 24 24 24 24 24 24 24 24 24 24 24 24 24 24 24 24 24 24 24 24 24 24 24 24 24 24 24 24 24 24 24 24 24 24 24 24 24 24 24 24 24 24 24 24 24 24 24 24 24 24 24 24 24 24 24 24 24 24 24 24 24 24 24 24 24 24 24 24 24 24 24 24 24 24 24 24 24 24 24 24 24 24 24 24 24 24 24 24 24 24 24 24 24 24 24 24 24 24 24 24 24 24 24 24 24 24 24 24 24 24 24 24 24 24 24 24 24 24 24 24 24 24 24 24 24 24 24 24 24 24 24 24 24 24 24 24 24 24 24 24 24 24 24 24 24 24 24 24 24 24 24 24 24 24 24 24 24 24 24 24 24 24 24 24 24 24 24 24 24 24 24 24 24 24 24 24 24 24 24 24 24 24 24 24 24 24 24 24 24 24 24 24 24 24 24 24 24 24 24 24 24 24 24 24 24 24 24 24 24 24 24 24 24 24 24 24 24